4.539993096841499209e-05 5.314271038514561951e-05 6.204946112120524049e-05 7.226668094517663121e-05 8.395450277021154761e-05 9.728718578116968274e-05 1.124535265262238681e-04 1.296570990234613419e-04 1.491163711762055755e-04 1.710645883576944470e-04 1.957495114766061306e-04 2.234328567283228040e-04 2.543895097915083170e-04 2.889063616748899221e-04 3.272810135968029499e-04 3.698199288919568062e-04 4.168363520875573158e-04 4.686478932853788137e-04 5.255735595710575581e-04 5.879306700080633163e-04 6.560313049703836441e-04 7.301779696717858315e-04 8.106599561870098114e-04 8.977481047622859478e-04 9.916902054101228714e-04 1.092706108465790749e-03 1.200981903821229935e-03 1.316665206104516983e-03 1.439859275706112385e-03 1.570617780089378357e-03 1.708939787931740284e-03 1.854764646850526333e-03 2.007967326790094376e-03 2.168354112654924393e-03 2.335659926757216454e-03 2.509543672204017639e-03 2.689587650820612907e-03 2.875295234844088554e-03 3.066090401262044907e-03 3.261318895965814590e-03 3.460248932242393494e-03 3.662074916064739227e-03 3.865920240059494972e-03 4.070842638611793518e-03 4.275840707123279572e-03 4.479860886931419373e-03 4.681805148720741272e-03 4.880540072917938232e-03 5.074908956885337830e-03 5.263739265501499176e-03 5.445857997983694077e-03 5.620099604129791260e-03 5.785321351140737534e-03 5.940414965152740479e-03 6.084316875785589218e-03 6.216023582965135574e-03 6.334601435810327530e-03 6.439196877181529999e-03 6.529048550873994827e-03 6.603495217859745026e-03 6.661984603852033615e-03 6.704079452902078629e-03 6.729464046657085419e-03 6.737946998327970505e-03 6.737946998327970505e-03 6.729464046657085419e-03 6.704079452902078629e-03 6.661984603852033615e-03 6.603495217859745026e-03 6.529048550873994827e-03 6.439196877181529999e-03 6.334601435810327530e-03 6.216023582965135574e-03 6.084316875785589218e-03 5.940414965152740479e-03 5.785321351140737534e-03 5.620099604129791260e-03 5.445857997983694077e-03 5.263739265501499176e-03 5.074908956885337830e-03 4.880540072917938232e-03 4.681805148720741272e-03 4.479860886931419373e-03 4.275840707123279572e-03 4.070842638611793518e-03 3.865920240059494972e-03 3.662074916064739227e-03 3.460248932242393494e-03 3.261318895965814590e-03 3.066090401262044907e-03 2.875295234844088554e-03 2.689587650820612907e-03 2.509543672204017639e-03 2.335659926757216454e-03 2.168354112654924393e-03 2.007967326790094376e-03 1.854764646850526333e-03 1.708939787931740284e-03 1.570617780089378357e-03 1.439859275706112385e-03 1.316665206104516983e-03 1.200981903821229935e-03 1.092706108465790749e-03 9.916902054101228714e-04 8.977481047622859478e-04 8.106599561870098114e-04 7.301779696717858315e-04 6.560313049703836441e-04 5.879306700080633163e-04 5.255735595710575581e-04 4.686478932853788137e-04 4.168363520875573158e-04 3.698199288919568062e-04 3.272810135968029499e-04 2.889063616748899221e-04 2.543895097915083170e-04 2.234328567283228040e-04 1.957495114766061306e-04 1.710645883576944470e-04 1.491163711762055755e-04 1.296570990234613419e-04 1.124535265262238681e-04 9.728718578116968274e-05 8.395450277021154761e-05 7.226668094517663121e-05 6.204946112120524049e-05 5.314271038514561951e-05 4.539993096841499209e-05
5.314271038514561951e-05 6.220599607331678271e-05 7.263175211846828461e-05 8.459148375550284982e-05 9.827261237660422921e-05 1.138791340054012835e-04 1.316320413025096059e-04 1.517696073278784752e-04 1.745475892676040530e-04 2.002389810513705015e-04 2.291338314535096288e-04 2.615384582895785570e-04 2.977746480610221624e-04 3.381782153155654669e-04 3.830975329037755728e-04 4.328912764322012663e-04 4.879261832684278488e-04 5.485739675350487232e-04 6.152080604806542397e-04 6.882000016048550606e-04 7.679148693569004536e-04 8.547070319764316082e-04 9.489148505963385105e-04 1.050855498760938644e-03 1.160819083452224731e-03 1.279062824323773384e-03 1.405804767273366451e-03 1.541217439807951450e-03 1.685421681031584740e-03 1.838480588048696518e-03 2.000392880290746689e-03 2.171087544411420822e-03 2.350418129935860634e-03 2.538158558309078217e-03 2.733997534960508347e-03 2.937536686658859253e-03 3.148286370560526848e-03 3.365665674209594727e-03 3.589000320062041283e-03 3.817524062469601631e-03 4.050381015986204147e-03 4.286627750843763351e-03 4.525237716734409332e-03 4.765109159052371979e-03 5.005069077014923096e-03 5.243883933871984482e-03 5.480268504470586777e-03 5.712897516787052155e-03 5.940414965152740479e-03 6.161449942737817764e-03 6.374627817422151566e-03 6.578585598617792130e-03 6.771985441446304321e-03 6.953529547899961472e-03 7.121973671019077301e-03 7.276142481714487076e-03 7.414943072944879532e-03 7.537376601248979568e-03 7.642552256584167480e-03 7.729695644229650497e-03 7.798159960657358170e-03 7.847433909773826599e-03 7.877147756516933441e-03 7.887077517807483673e-03 7.887077517807483673e-03 7.877147756516933441e-03 7.847433909773826599e-03 7.798159960657358170e-03 7.729695644229650497e-03 7.642552256584167480e-03 7.537376601248979568e-03 7.414943072944879532e-03 7.276142481714487076e-03 7.121973671019077301e-03 6.953529547899961472e-03 6.771985441446304321e-03 6.578585598617792130e-03 6.374627817422151566e-03 6.161449942737817764e-03 5.940414965152740479e-03 5.712897516787052155e-03 5.480268504470586777e-03 5.243883933871984482e-03 5.005069077014923096e-03 4.765109159052371979e-03 4.525237716734409332e-03 4.286627750843763351e-03 4.050381015986204147e-03 3.817524062469601631e-03 3.589000320062041283e-03 3.365665674209594727e-03 3.148286370560526848e-03 2.937536686658859253e-03 2.733997534960508347e-03 2.538158558309078217e-03 2.350418129935860634e-03 2.171087544411420822e-03 2.000392880290746689e-03 1.838480588048696518e-03 1.685421681031584740e-03 1.541217439807951450e-03 1.405804767273366451e-03 1.279062824323773384e-03 1.160819083452224731e-03 1.050855498760938644e-03 9.489148505963385105e-04 8.547070319764316082e-04 7.679148693569004536e-04 6.882000016048550606e-04 6.152080604806542397e-04 5.485739675350487232e-04 4.879261832684278488e-04 4.328912764322012663e-04 3.830975329037755728e-04 3.381782153155654669e-04 2.977746480610221624e-04 2.615384582895785570e-04 2.291338314535096288e-04 2.002389810513705015e-04 1.745475892676040530e-04 1.517696073278784752e-04 1.316320413025096059e-04 1.138791340054012835e-04 9.827261237660422921e-05 8.459148375550284982e-05 7.263175211846828461e-05 6.220599607331678271e-05 5.314271038514561951e-05
6.204946112120524049e-05 7.263175211846828461e-05 8.480488031636923552e-05 9.876906551653519273e-05 1.147431612480431795e-04 1.329653459833934903e-04 1.536936470074579120e-04 1.772062969394028187e-04 2.038018574239686131e-04 2.337991609238088131e-04 2.675367868505418301e-04 3.053724649362266064e-04 3.476818383205682039e-04 3.948570811189711094e-04 4.473048902582377195e-04 5.054441280663013458e-04 5.697028827853500843e-04 6.405152962543070316e-04 7.183173438534140587e-04 8.035427308641374111e-04 8.966178284026682377e-04 9.979563765227794647e-04 1.107953605242073536e-03 1.226979540660977364e-03 1.355373067781329155e-03 1.493434538133442402e-03 1.641418435610830784e-03 1.799526391550898552e-03 1.967899268493056297e-03 2.146610990166664124e-03 2.335659926757216454e-03 2.534962957724928856e-03 2.744349651038646698e-03 2.963555511087179184e-03 3.192217089235782623e-03 3.429869422689080238e-03 3.675941145047545433e-03 3.929753322154283524e-03 4.190518986433744431e-03 4.457343369722366333e-03 4.729227162897586823e-03 5.005069077014923096e-03 5.283670499920845032e-03 5.563743878155946732e-03 5.843921564519405365e-03 6.122761871665716171e-03 6.398764904588460922e-03 6.670382339507341385e-03 6.936031859368085861e-03 7.194112520664930344e-03 7.443019188940525055e-03 7.681160699576139450e-03 7.906974293291568756e-03 8.118945173919200897e-03 8.315620012581348419e-03 8.495627902448177338e-03 8.657692000269889832e-03 8.800645358860492706e-03 8.923448622226715088e-03 9.025196544826030731e-03 9.105136618018150330e-03 9.162669070065021515e-03 9.197362698614597321e-03 9.208956733345985413e-03 9.208956733345985413e-03 9.197362698614597321e-03 9.162669070065021515e-03 9.105136618018150330e-03 9.025196544826030731e-03 8.923448622226715088e-03 8.800645358860492706e-03 8.657692000269889832e-03 8.495627902448177338e-03 8.315620012581348419e-03 8.118945173919200897e-03 7.906974293291568756e-03 7.681160699576139450e-03 7.443019188940525055e-03 7.194112520664930344e-03 6.936031859368085861e-03 6.670382339507341385e-03 6.398764904588460922e-03 6.122761871665716171e-03 5.843921564519405365e-03 5.563743878155946732e-03 5.283670499920845032e-03 5.005069077014923096e-03 4.729227162897586823e-03 4.457343369722366333e-03 4.190518986433744431e-03 3.929753322154283524e-03 3.675941145047545433e-03 3.429869422689080238e-03 3.192217089235782623e-03 2.963555511087179184e-03 2.744349651038646698e-03 2.534962957724928856e-03 2.335659926757216454e-03 2.146610990166664124e-03 1.967899268493056297e-03 1.799526391550898552e-03 1.641418435610830784e-03 1.493434538133442402e-03 1.355373067781329155e-03 1.226979540660977364e-03 1.107953605242073536e-03 9.979563765227794647e-04 8.966178284026682377e-04 8.035427308641374111e-04 7.183173438534140587e-04 6.405152962543070316e-04 5.697028827853500843e-04 5.054441280663013458e-04 4.473048902582377195e-04 3.948570811189711094e-04 3.476818383205682039e-04 3.053724649362266064e-04 2.675367868505418301e-04 2.337991609238088131e-04 2.038018574239686131e-04 1.772062969394028187e-04 1.536936470074579120e-04 1.329653459833934903e-04 1.147431612480431795e-04 9.876906551653519273e-05 8.480488031636923552e-05 7.263175211846828461e-05 6.204946112120524049e-05
7.226668094517663121e-05 8.459148375550284982e-05 9.876906551653519273e-05 1.150326206698082387e-04 1.336370623903349042e-04 1.548597501823678613e-04 1.790012174751609564e-04 2.063855208689346910e-04 2.373603783780708909e-04 2.722970966715365648e-04 3.115900617558509111e-04 3.556558513082563877e-04 4.049320123158395290e-04 4.598752420861274004e-04 5.209592636674642563e-04 5.886718281544744968e-04 6.635115714743733406e-04 7.459841435775160789e-04 8.365972316823899746e-04 9.358560782857239246e-04 1.044257194735109806e-03 1.162282424047589302e-03 1.290391897782683372e-03 1.429017051123082638e-03 1.578552182763814926e-03 1.739347237162292004e-03 1.911698491312563419e-03 2.095840871334075928e-03 2.291938522830605507e-03 2.500077243894338608e-03 2.720255404710769653e-03 2.952376380562782288e-03 3.196241101250052452e-03 3.451541764661669731e-03 3.717855550348758698e-03 3.994640428572893143e-03 4.281230736523866653e-03 4.576836246997117996e-03 4.880540072917938232e-03 5.191300995647907257e-03 5.507953464984893799e-03 5.829215981066226959e-03 6.153692491352558136e-03 6.479884032160043716e-03 6.806196179240942001e-03 7.130951154977083206e-03 7.452401332557201385e-03 7.768744137138128281e-03 8.078136481344699860e-03 8.378712460398674011e-03 8.668605238199234009e-03 8.945959620177745819e-03 9.208956733345985413e-03 9.455830790102481842e-03 9.684891439974308014e-03 9.894539602100849152e-03 1.008328888565301895e-02 1.024978142231702805e-02 1.039280556142330170e-02 1.051130890846252441e-02 1.060441043227910995e-02 1.067141629755496979e-02 1.071182359009981155e-02 1.072532590478658676e-02 1.072532590478658676e-02 1.071182359009981155e-02 1.067141629755496979e-02 1.060441043227910995e-02 1.051130890846252441e-02 1.039280556142330170e-02 1.024978142231702805e-02 1.008328888565301895e-02 9.894539602100849152e-03 9.684891439974308014e-03 9.455830790102481842e-03 9.208956733345985413e-03 8.945959620177745819e-03 8.668605238199234009e-03 8.378712460398674011e-03 8.078136481344699860e-03 7.768744137138128281e-03 7.452401332557201385e-03 7.130951154977083206e-03 6.806196179240942001e-03 6.479884032160043716e-03 6.153692491352558136e-03 5.829215981066226959e-03 5.507953464984893799e-03 5.191300995647907257e-03 4.880540072917938232e-03 4.576836246997117996e-03 4.281230736523866653e-03 3.994640428572893143e-03 3.717855550348758698e-03 3.451541764661669731e-03 3.196241101250052452e-03 2.952376380562782288e-03 2.720255404710769653e-03 2.500077243894338608e-03 2.291938522830605507e-03 2.095840871334075928e-03 1.911698491312563419e-03 1.739347237162292004e-03 1.578552182763814926e-03 1.429017051123082638e-03 1.290391897782683372e-03 1.162282424047589302e-03 1.044257194735109806e-03 9.358560782857239246e-04 8.365972316823899746e-04 7.459841435775160789e-04 6.635115714743733406e-04 5.886718281544744968e-04 5.209592636674642563e-04 4.598752420861274004e-04 4.049320123158395290e-04 3.556558513082563877e-04 3.115900617558509111e-04 2.722970966715365648e-04 2.373603783780708909e-04 2.063855208689346910e-04 1.790012174751609564e-04 1.548597501823678613e-04 1.336370623903349042e-04 1.150326206698082387e-04 9.876906551653519273e-05 8.459148375550284982e-05 7.226668094517663121e-05
8.395450277021154761e-05 9.827261237660422921e-05 1.147431612480431795e-04 1.336370623903349042e-04 1.552504108985885978e-04 1.799055025912821293e-04 2.079514088109135628e-04 2.397646167082712054e-04 2.757491020020097494e-04 3.163361980114132166e-04 3.619841008912771940e-04 4.131767200306057930e-04 4.704223829321563244e-04 5.342516815289855003e-04 6.052149110473692417e-04 6.838787812739610672e-04 7.708225166425108910e-04 8.666334906592965126e-04 9.719016379676759243e-04 1.087213749997317791e-03 1.213146722875535488e-03 1.350260456092655659e-03 1.499089295975863934e-03 1.660134526900947094e-03 1.833854359574615955e-03 2.020654967054724693e-03 2.220880938693881035e-03 2.434805035591125488e-03 2.662617946043610573e-03 2.904419321566820145e-03 3.160207299515604973e-03 3.429869422689080238e-03 3.713174955919384956e-03 4.009766038507223129e-03 4.319150932133197784e-03 4.640700761228799820e-03 4.973642062395811081e-03 5.317056085914373398e-03 5.669878795742988586e-03 6.030899006873369217e-03 6.398764904588460922e-03 6.771985441446304321e-03 7.148940581828355789e-03 7.527887355536222458e-03 7.906974293291568756e-03 8.284253068268299103e-03 8.657692000269889832e-03 9.025196544826030731e-03 9.384627453982830048e-03 9.733817540109157562e-03 1.007059402763843536e-02 1.039280556142330170e-02 1.069833710789680481e-02 1.098513975739479065e-02 1.125124655663967133e-02 1.149480137974023819e-02 1.171407755464315414e-02 1.190749742090702057e-02 1.207365281879901886e-02 1.221132092177867889e-02 1.231948100030422211e-02 1.239732373505830765e-02 1.244426611810922623e-02 1.245995238423347473e-02 1.245995238423347473e-02 1.244426611810922623e-02 1.239732373505830765e-02 1.231948100030422211e-02 1.221132092177867889e-02 1.207365281879901886e-02 1.190749742090702057e-02 1.171407755464315414e-02 1.149480137974023819e-02 1.125124655663967133e-02 1.098513975739479065e-02 1.069833710789680481e-02 1.039280556142330170e-02 1.007059402763843536e-02 9.733817540109157562e-03 9.384627453982830048e-03 9.025196544826030731e-03 8.657692000269889832e-03 8.284253068268299103e-03 7.906974293291568756e-03 7.527887355536222458e-03 7.148940581828355789e-03 6.771985441446304321e-03 6.398764904588460922e-03 6.030899006873369217e-03 5.669878795742988586e-03 5.317056085914373398e-03 4.973642062395811081e-03 4.640700761228799820e-03 4.319150932133197784e-03 4.009766038507223129e-03 3.713174955919384956e-03 3.429869422689080238e-03 3.160207299515604973e-03 2.904419321566820145e-03 2.662617946043610573e-03 2.434805035591125488e-03 2.220880938693881035e-03 2.020654967054724693e-03 1.833854359574615955e-03 1.660134526900947094e-03 1.499089295975863934e-03 1.350260456092655659e-03 1.213146722875535488e-03 1.087213749997317791e-03 9.719016379676759243e-04 8.666334906592965126e-04 7.708225166425108910e-04 6.838787812739610672e-04 6.052149110473692417e-04 5.342516815289855003e-04 4.704223829321563244e-04 4.131767200306057930e-04 3.619841008912771940e-04 3.163361980114132166e-04 2.757491020020097494e-04 2.397646167082712054e-04 2.079514088109135628e-04 1.799055025912821293e-04 1.552504108985885978e-04 1.336370623903349042e-04 1.147431612480431795e-04 9.827261237660422921e-05 8.395450277021154761e-05
9.728718578116968274e-05 1.138791340054012835e-04 1.329653459833934903e-04 1.548597501823678613e-04 1.799055025912821293e-04 2.084760053548961878e-04 2.409758599242195487e-04 2.778412599582225084e-04 3.195403842255473137e-04 3.665730764623731375e-04 4.194702196400612593e-04 4.787926736753433943e-04 5.451294709928333759e-04 6.190954009070992470e-04 7.013281574472784996e-04 7.924844976514577866e-04 8.932356722652912140e-04 1.004262245260179043e-03 1.126247807405889034e-03 1.259872457012534142e-03 1.405804767273366451e-03 1.564693171530961990e-03 1.737157464958727360e-03 1.923777977935969830e-03 2.125085797160863876e-03 2.341552171856164932e-03 2.573575591668486595e-03 2.821472473442554474e-03 3.085464239120483398e-03 3.365665674209594727e-03 3.662074916064739227e-03 3.974562045186758041e-03 4.302858375012874603e-03 4.646550863981246948e-03 5.005069077014923096e-03 5.377683322876691818e-03 5.763498600572347641e-03 6.161449942737817764e-03 6.570303346961736679e-03 6.988657172769308090e-03 7.414943072944879532e-03 7.847433909773826599e-03 8.284253068268299103e-03 8.723379112780094147e-03 9.162669070065021515e-03 9.599861688911914825e-03 1.003260631114244461e-02 1.045847497880458832e-02 1.087498571723699570e-02 1.127962954342365265e-02 1.166989002376794815e-02 1.204327121376991272e-02 1.239732373505830765e-02 1.272967271506786346e-02 1.303803920745849609e-02 1.332027278840541840e-02 1.357437204569578171e-02 1.379850879311561584e-02 1.399105135351419449e-02 1.415058225393295288e-02 1.427591871470212936e-02 1.436612382531166077e-02 1.442052051424980164e-02 1.443869806826114655e-02 1.443869806826114655e-02 1.442052051424980164e-02 1.436612382531166077e-02 1.427591871470212936e-02 1.415058225393295288e-02 1.399105135351419449e-02 1.379850879311561584e-02 1.357437204569578171e-02 1.332027278840541840e-02 1.303803920745849609e-02 1.272967271506786346e-02 1.239732373505830765e-02 1.204327121376991272e-02 1.166989002376794815e-02 1.127962954342365265e-02 1.087498571723699570e-02 1.045847497880458832e-02 1.003260631114244461e-02 9.599861688911914825e-03 9.162669070065021515e-03 8.723379112780094147e-03 8.284253068268299103e-03 7.847433909773826599e-03 7.414943072944879532e-03 6.988657172769308090e-03 6.570303346961736679e-03 6.161449942737817764e-03 5.763498600572347641e-03 5.377683322876691818e-03 5.005069077014923096e-03 4.646550863981246948e-03 4.302858375012874603e-03 3.974562045186758041e-03 3.662074916064739227e-03 3.365665674209594727e-03 3.085464239120483398e-03 2.821472473442554474e-03 2.573575591668486595e-03 2.341552171856164932e-03 2.125085797160863876e-03 1.923777977935969830e-03 1.737157464958727360e-03 1.564693171530961990e-03 1.405804767273366451e-03 1.259872457012534142e-03 1.126247807405889034e-03 1.004262245260179043e-03 8.932356722652912140e-04 7.924844976514577866e-04 7.013281574472784996e-04 6.190954009070992470e-04 5.451294709928333759e-04 4.787926736753433943e-04 4.194702196400612593e-04 3.665730764623731375e-04 3.195403842255473137e-04 2.778412599582225084e-04 2.409758599242195487e-04 2.084760053548961878e-04 1.799055025912821293e-04 1.548597501823678613e-04 1.329653459833934903e-04 1.138791340054012835e-04 9.728718578116968274e-05
1.124535265262238681e-04 1.316320413025096059e-04 1.536936470074579120e-04 1.790012174751609564e-04 2.079514088109135628e-04 2.409758599242195487e-04 2.785421966109424829e-04 3.211546281818300486e-04 3.693543549161404371e-04 4.237190587446093559e-04 4.848624812439084053e-04 5.534328520298004150e-04 6.301110261119902134e-04 7.156077190302312374e-04 8.106599561870098114e-04 9.160268818959593773e-04 1.032484346069395542e-03 1.160819083452224731e-03 1.301821437664330006e-03 1.456277095712721348e-03 1.624959171749651432e-03 1.808617147617042065e-03 2.007967326790094376e-03 2.223680494353175163e-03 2.456370741128921509e-03 2.706582425162196159e-03 2.974776783958077431e-03 3.261318895965814590e-03 3.566464874893426895e-03 3.890347667038440704e-03 4.232964944094419479e-03 4.594166297465562820e-03 4.973642062395811081e-03 5.370913073420524597e-03 5.785321351140737534e-03 6.216023582965135574e-03 6.661984603852033615e-03 7.121973671019077301e-03 7.594564463943243027e-03 8.078136481344699860e-03 8.570876903831958771e-03 9.070790372788906097e-03 9.575705043971538544e-03 1.008328888565301895e-02 1.059105992317199707e-02 1.109640859067440033e-02 1.159661449491977692e-02 1.208887249231338501e-02 1.257031410932540894e-02 1.303803920745849609e-02 1.348913833498954773e-02 1.392072718590497971e-02 1.432997360825538635e-02 1.471413299441337585e-02 1.507057156413793564e-02 1.539680361747741699e-02 1.569051481783390045e-02 1.594959199428558350e-02 1.617215014994144440e-02 1.635655201971530914e-02 1.650142669677734375e-02 1.660569570958614349e-02 1.666857115924358368e-02 1.668958365917205811e-02 1.668958365917205811e-02 1.666857115924358368e-02 1.660569570958614349e-02 1.650142669677734375e-02 1.635655201971530914e-02 1.617215014994144440e-02 1.594959199428558350e-02 1.569051481783390045e-02 1.539680361747741699e-02 1.507057156413793564e-02 1.471413299441337585e-02 1.432997360825538635e-02 1.392072718590497971e-02 1.348913833498954773e-02 1.303803920745849609e-02 1.257031410932540894e-02 1.208887249231338501e-02 1.159661449491977692e-02 1.109640859067440033e-02 1.059105992317199707e-02 1.008328888565301895e-02 9.575705043971538544e-03 9.070790372788906097e-03 8.570876903831958771e-03 8.078136481344699860e-03 7.594564463943243027e-03 7.121973671019077301e-03 6.661984603852033615e-03 6.216023582965135574e-03 5.785321351140737534e-03 5.370913073420524597e-03 4.973642062395811081e-03 4.594166297465562820e-03 4.232964944094419479e-03 3.890347667038440704e-03 3.566464874893426895e-03 3.261318895965814590e-03 2.974776783958077431e-03 2.706582425162196159e-03 2.456370741128921509e-03 2.223680494353175163e-03 2.007967326790094376e-03 1.808617147617042065e-03 1.624959171749651432e-03 1.456277095712721348e-03 1.301821437664330006e-03 1.160819083452224731e-03 1.032484346069395542e-03 9.160268818959593773e-04 8.106599561870098114e-04 7.156077190302312374e-04 6.301110261119902134e-04 5.534328520298004150e-04 4.848624812439084053e-04 4.237190587446093559e-04 3.693543549161404371e-04 3.211546281818300486e-04 2.785421966109424829e-04 2.409758599242195487e-04 2.079514088109135628e-04 1.790012174751609564e-04 1.536936470074579120e-04 1.316320413025096059e-04 1.124535265262238681e-04
1.296570990234613419e-04 1.517696073278784752e-04 1.772062969394028187e-04 2.063855208689346910e-04 2.397646167082712054e-04 2.778412599582225084e-04 3.211546281818300486e-04 3.702861140482127666e-04 4.258595872670412064e-04 4.885412636213004589e-04 5.590385990217328072e-04 6.380991544574499130e-04 7.265078602358698845e-04 8.250841638073325157e-04 9.346778388135135174e-04 1.056164153851568699e-03 1.190437818877398968e-03 1.338405767455697060e-03 1.500979065895080566e-03 1.679064007475972176e-03 1.873551635071635246e-03 2.085306448861956596e-03 2.315153833478689194e-03 2.563867717981338501e-03 2.832155907526612282e-03 3.120645880699157715e-03 3.429869422689080238e-03 3.760248189792037010e-03 4.112076479941606522e-03 4.485507961362600327e-03 4.880540072917938232e-03 5.296999588608741760e-03 5.734528880566358566e-03 6.192576140165328979e-03 6.670382339507341385e-03 7.166975177824497223e-03 7.681160699576139450e-03 8.211520500481128693e-03 8.756410330533981323e-03 9.313960559666156769e-03 9.882082231342792511e-03 1.045847497880458832e-02 1.104063354432582855e-02 1.162586919963359833e-02 1.221132092177867889e-02 1.279397960752248764e-02 1.337070949375629425e-02 1.393827423453330994e-02 1.449336949735879898e-02 1.503264904022216797e-02 1.555275823920965195e-02 1.605037227272987366e-02 1.652222871780395508e-02 1.696515828371047974e-02 1.737612485885620117e-02 1.775226555764675140e-02 1.809090934693813324e-02 1.838962361216545105e-02 1.864622905850410461e-02 1.885884068906307220e-02 1.902587898075580597e-02 1.914609782397747040e-02 1.921859383583068848e-02 1.924281939864158630e-02 1.924281939864158630e-02 1.921859383583068848e-02 1.914609782397747040e-02 1.902587898075580597e-02 1.885884068906307220e-02 1.864622905850410461e-02 1.838962361216545105e-02 1.809090934693813324e-02 1.775226555764675140e-02 1.737612485885620117e-02 1.696515828371047974e-02 1.652222871780395508e-02 1.605037227272987366e-02 1.555275823920965195e-02 1.503264904022216797e-02 1.449336949735879898e-02 1.393827423453330994e-02 1.337070949375629425e-02 1.279397960752248764e-02 1.221132092177867889e-02 1.162586919963359833e-02 1.104063354432582855e-02 1.045847497880458832e-02 9.882082231342792511e-03 9.313960559666156769e-03 8.756410330533981323e-03 8.211520500481128693e-03 7.681160699576139450e-03 7.166975177824497223e-03 6.670382339507341385e-03 6.192576140165328979e-03 5.734528880566358566e-03 5.296999588608741760e-03 4.880540072917938232e-03 4.485507961362600327e-03 4.112076479941606522e-03 3.760248189792037010e-03 3.429869422689080238e-03 3.120645880699157715e-03 2.832155907526612282e-03 2.563867717981338501e-03 2.315153833478689194e-03 2.085306448861956596e-03 1.873551635071635246e-03 1.679064007475972176e-03 1.500979065895080566e-03 1.338405767455697060e-03 1.190437818877398968e-03 1.056164153851568699e-03 9.346778388135135174e-04 8.250841638073325157e-04 7.265078602358698845e-04 6.380991544574499130e-04 5.590385990217328072e-04 4.885412636213004589e-04 4.258595872670412064e-04 3.702861140482127666e-04 3.211546281818300486e-04 2.778412599582225084e-04 2.397646167082712054e-04 2.063855208689346910e-04 1.772062969394028187e-04 1.517696073278784752e-04 1.296570990234613419e-04
1.491163711762055755e-04 1.745475892676040530e-04 2.038018574239686131e-04 2.373603783780708909e-04 2.757491020020097494e-04 3.195403842255473137e-04 3.693543549161404371e-04 4.258595872670412064e-04 4.897736944258213043e-04 5.618627183139324188e-04 6.429405184462666512e-04 7.338667055591940880e-04 8.355439640581607819e-04 9.489148505963385105e-04 1.074956613592803478e-03 1.214675954543054104e-03 1.369101810269057751e-03 1.539277029223740101e-03 1.726249814964830875e-03 1.931062201038002968e-03 2.154739107936620712e-03 2.398274373263120651e-03 2.662617946043610573e-03 2.948659472167491913e-03 3.257212927564978600e-03 3.589000320062041283e-03 3.944633062928915024e-03 4.324595443904399872e-03 4.729227162897586823e-03 5.158704705536365509e-03 5.613023880869150162e-03 6.091986317187547684e-03 6.595181301236152649e-03 7.121973671019077301e-03 7.671490311622619629e-03 8.242612704634666443e-03 8.833969011902809143e-03 9.443926624953746796e-03 1.007059402763843536e-02 1.071182359009981155e-02 1.136521063745021820e-02 1.202810928225517273e-02 1.269763987511396408e-02 1.337070949375629425e-02 1.404402777552604675e-02 1.471413299441337585e-02 1.537741906940937042e-02 1.603016629815101624e-02 1.666857115924358368e-02 1.728878729045391083e-02 1.788695529103279114e-02 1.845925301313400269e-02 1.900192722678184509e-02 1.951133087277412415e-02 1.998397894203662872e-02 2.041657082736492157e-02 2.080603875219821930e-02 2.114958316087722778e-02 2.144470252096652985e-02 2.168922312557697296e-02 2.188133075833320618e-02 2.201959304511547089e-02 2.210296876728534698e-02 2.213083021342754364e-02 2.213083021342754364e-02 2.210296876728534698e-02 2.201959304511547089e-02 2.188133075833320618e-02 2.168922312557697296e-02 2.144470252096652985e-02 2.114958316087722778e-02 2.080603875219821930e-02 2.041657082736492157e-02 1.998397894203662872e-02 1.951133087277412415e-02 1.900192722678184509e-02 1.845925301313400269e-02 1.788695529103279114e-02 1.728878729045391083e-02 1.666857115924358368e-02 1.603016629815101624e-02 1.537741906940937042e-02 1.471413299441337585e-02 1.404402777552604675e-02 1.337070949375629425e-02 1.269763987511396408e-02 1.202810928225517273e-02 1.136521063745021820e-02 1.071182359009981155e-02 1.007059402763843536e-02 9.443926624953746796e-03 8.833969011902809143e-03 8.242612704634666443e-03 7.671490311622619629e-03 7.121973671019077301e-03 6.595181301236152649e-03 6.091986317187547684e-03 5.613023880869150162e-03 5.158704705536365509e-03 4.729227162897586823e-03 4.324595443904399872e-03 3.944633062928915024e-03 3.589000320062041283e-03 3.257212927564978600e-03 2.948659472167491913e-03 2.662617946043610573e-03 2.398274373263120651e-03 2.154739107936620712e-03 1.931062201038002968e-03 1.726249814964830875e-03 1.539277029223740101e-03 1.369101810269057751e-03 1.214675954543054104e-03 1.074956613592803478e-03 9.489148505963385105e-04 8.355439640581607819e-04 7.338667055591940880e-04 6.429405184462666512e-04 5.618627183139324188e-04 4.897736944258213043e-04 4.258595872670412064e-04 3.693543549161404371e-04 3.195403842255473137e-04 2.757491020020097494e-04 2.373603783780708909e-04 2.038018574239686131e-04 1.745475892676040530e-04 1.491163711762055755e-04
1.710645883576944470e-04 2.002389810513705015e-04 2.337991609238088131e-04 2.722970966715365648e-04 3.163361980114132166e-04 3.665730764623731375e-04 4.237190587446093559e-04 4.885412636213004589e-04 5.618627183139324188e-04 6.445624749176204205e-04 7.375740096904337406e-04 8.418834186159074306e-04 9.585264488123357296e-04 1.088584191165864468e-03 1.233177958056330681e-03 1.393462414853274822e-03 1.570617780089378357e-03 1.765840919688344002e-03 1.980333821848034859e-03 2.215292304754257202e-03 2.471891930326819420e-03 2.751272870227694511e-03 3.054524771869182587e-03 3.382668364793062210e-03 3.736637299880385399e-03 4.117259755730628967e-03 4.525237716734409332e-03 4.961126483976840973e-03 5.425315350294113159e-03 5.918006412684917450e-03 6.439196877181529999e-03 6.988657172769308090e-03 7.565916515886783600e-03 8.170246146619319916e-03 8.800645358860492706e-03 9.455830790102481842e-03 1.013422757387161255e-02 1.083396375179290771e-02 1.155287027359008789e-02 1.228848099708557129e-02 1.303803920745849609e-02 1.379850879311561584e-02 1.456658728420734406e-02 1.533872447907924652e-02 1.611114665865898132e-02 1.687988452613353729e-02 1.764079928398132324e-02 1.838962361216545105e-02 1.912199333310127258e-02 1.983349770307540894e-02 2.051971107721328735e-02 2.117624506354331970e-02 2.179879136383533478e-02 2.238317579030990601e-02 2.292539179325103760e-02 2.342165634036064148e-02 2.386844903230667114e-02 2.426256053149700165e-02 2.460111677646636963e-02 2.488162741065025330e-02 2.510201185941696167e-02 2.526062540709972382e-02 2.535627223551273346e-02 2.538823522627353668e-02 2.538823522627353668e-02 2.535627223551273346e-02 2.526062540709972382e-02 2.510201185941696167e-02 2.488162741065025330e-02 2.460111677646636963e-02 2.426256053149700165e-02 2.386844903230667114e-02 2.342165634036064148e-02 2.292539179325103760e-02 2.238317579030990601e-02 2.179879136383533478e-02 2.117624506354331970e-02 2.051971107721328735e-02 1.983349770307540894e-02 1.912199333310127258e-02 1.838962361216545105e-02 1.764079928398132324e-02 1.687988452613353729e-02 1.611114665865898132e-02 1.533872447907924652e-02 1.456658728420734406e-02 1.379850879311561584e-02 1.303803920745849609e-02 1.228848099708557129e-02 1.155287027359008789e-02 1.083396375179290771e-02 1.013422757387161255e-02 9.455830790102481842e-03 8.800645358860492706e-03 8.170246146619319916e-03 7.565916515886783600e-03 6.988657172769308090e-03 6.439196877181529999e-03 5.918006412684917450e-03 5.425315350294113159e-03 4.961126483976840973e-03 4.525237716734409332e-03 4.117259755730628967e-03 3.736637299880385399e-03 3.382668364793062210e-03 3.054524771869182587e-03 2.751272870227694511e-03 2.471891930326819420e-03 2.215292304754257202e-03 1.980333821848034859e-03 1.765840919688344002e-03 1.570617780089378357e-03 1.393462414853274822e-03 1.233177958056330681e-03 1.088584191165864468e-03 9.585264488123357296e-04 8.418834186159074306e-04 7.375740096904337406e-04 6.445624749176204205e-04 5.618627183139324188e-04 4.885412636213004589e-04 4.237190587446093559e-04 3.665730764623731375e-04 3.163361980114132166e-04 2.722970966715365648e-04 2.337991609238088131e-04 2.002389810513705015e-04 1.710645883576944470e-04
1.957495114766061306e-04 2.291338314535096288e-04 2.675367868505418301e-04 3.115900617558509111e-04 3.619841008912771940e-04 4.194702196400612593e-04 4.848624812439084053e-04 5.590385990217328072e-04 6.429405184462666512e-04 7.375740096904337406e-04 8.440072415396571159e-04 9.633687441237270832e-04 1.096843509003520012e-03 1.245668856427073479e-03 1.411127741448581219e-03 1.594541477970778942e-03 1.797260832972824574e-03 2.020654967054724693e-03 2.266099676489830017e-03 2.534962957724928856e-03 2.828590339049696922e-03 3.148286370560526848e-03 3.495298093184828758e-03 3.870793385431170464e-03 4.275840707123279572e-03 4.711388144642114639e-03 5.178237799555063248e-03 5.677025765180587769e-03 6.208198145031929016e-03 6.771985441446304321e-03 7.368384394794702530e-03 7.997132837772369385e-03 8.657692000269889832e-03 9.349226951599121094e-03 1.007059402763843536e-02 1.082032453268766403e-02 1.159661449491977692e-02 1.239732373505830765e-02 1.321997027844190598e-02 1.406173035502433777e-02 1.491945143789052963e-02 1.578965783119201660e-02 1.666857115924358368e-02 1.755212992429733276e-02 1.843601465225219727e-02 1.931568235158920288e-02 2.018639817833900452e-02 2.104327827692031860e-02 2.188133075833320618e-02 2.269550599157810211e-02 2.348074130713939667e-02 2.423201315104961395e-02 2.494439668953418732e-02 2.561310678720474243e-02 2.623356506228446960e-02 2.680144272744655609e-02 2.731270901858806610e-02 2.776369079947471619e-02 2.815110050141811371e-02 2.847209013998508453e-02 2.872427739202976227e-02 2.890577726066112518e-02 2.901522815227508545e-02 2.905180305242538452e-02 2.905180305242538452e-02 2.901522815227508545e-02 2.890577726066112518e-02 2.872427739202976227e-02 2.847209013998508453e-02 2.815110050141811371e-02 2.776369079947471619e-02 2.731270901858806610e-02 2.680144272744655609e-02 2.623356506228446960e-02 2.561310678720474243e-02 2.494439668953418732e-02 2.423201315104961395e-02 2.348074130713939667e-02 2.269550599157810211e-02 2.188133075833320618e-02 2.104327827692031860e-02 2.018639817833900452e-02 1.931568235158920288e-02 1.843601465225219727e-02 1.755212992429733276e-02 1.666857115924358368e-02 1.578965783119201660e-02 1.491945143789052963e-02 1.406173035502433777e-02 1.321997027844190598e-02 1.239732373505830765e-02 1.159661449491977692e-02 1.082032453268766403e-02 1.007059402763843536e-02 9.349226951599121094e-03 8.657692000269889832e-03 7.997132837772369385e-03 7.368384394794702530e-03 6.771985441446304321e-03 6.208198145031929016e-03 5.677025765180587769e-03 5.178237799555063248e-03 4.711388144642114639e-03 4.275840707123279572e-03 3.870793385431170464e-03 3.495298093184828758e-03 3.148286370560526848e-03 2.828590339049696922e-03 2.534962957724928856e-03 2.266099676489830017e-03 2.020654967054724693e-03 1.797260832972824574e-03 1.594541477970778942e-03 1.411127741448581219e-03 1.245668856427073479e-03 1.096843509003520012e-03 9.633687441237270832e-04 8.440072415396571159e-04 7.375740096904337406e-04 6.429405184462666512e-04 5.590385990217328072e-04 4.848624812439084053e-04 4.194702196400612593e-04 3.619841008912771940e-04 3.115900617558509111e-04 2.675367868505418301e-04 2.291338314535096288e-04 1.957495114766061306e-04
2.234328567283228040e-04 2.615384582895785570e-04 3.053724649362266064e-04 3.556558513082563877e-04 4.131767200306057930e-04 4.787926736753433943e-04 5.534328520298004150e-04 6.380991544574499130e-04 7.338667055591940880e-04 8.418834186159074306e-04 9.633687441237270832e-04 1.099610584788024426e-03 1.251961686648428440e-03 1.421834225766360760e-03 1.610692706890404224e-03 1.820045174099504948e-03 2.051433548331260681e-03 2.306420588865876198e-03 2.586576621979475021e-03 2.893463475629687309e-03 3.228616202250123024e-03 3.593524452298879623e-03 3.989611286669969559e-03 4.418210126459598541e-03 4.880540072917938232e-03 5.377683322876691818e-03 5.910555832087993622e-03 6.479884032160043716e-03 7.086175959557294846e-03 7.729695644229650497e-03 8.410437963902950287e-03 9.128105826675891876e-03 9.882082231342792511e-03 1.067141629755496979e-02 1.149480137974023819e-02 1.235055923461914062e-02 1.323663443326950073e-02 1.415058225393295288e-02 1.508956868201494217e-02 1.605037227272987366e-02 1.702939532697200775e-02 1.802266761660575867e-02 1.902587898075580597e-02 2.003439329564571381e-02 2.104327827692031860e-02 2.204735018312931061e-02 2.304120548069477081e-02 2.401926741003990173e-02 2.497584000229835510e-02 2.590515837073326111e-02 2.680144272744655609e-02 2.765896171331405640e-02 2.847209013998508453e-02 2.923537231981754303e-02 2.994357794523239136e-02 3.059176541864871979e-02 3.117533586919307709e-02 3.169009461998939514e-02 3.213229402899742126e-02 3.249868005514144897e-02 3.278653323650360107e-02 3.299370035529136658e-02 3.311862796545028687e-02 3.316037729382514954e-02 3.316037729382514954e-02 3.311862796545028687e-02 3.299370035529136658e-02 3.278653323650360107e-02 3.249868005514144897e-02 3.213229402899742126e-02 3.169009461998939514e-02 3.117533586919307709e-02 3.059176541864871979e-02 2.994357794523239136e-02 2.923537231981754303e-02 2.847209013998508453e-02 2.765896171331405640e-02 2.680144272744655609e-02 2.590515837073326111e-02 2.497584000229835510e-02 2.401926741003990173e-02 2.304120548069477081e-02 2.204735018312931061e-02 2.104327827692031860e-02 2.003439329564571381e-02 1.902587898075580597e-02 1.802266761660575867e-02 1.702939532697200775e-02 1.605037227272987366e-02 1.508956868201494217e-02 1.415058225393295288e-02 1.323663443326950073e-02 1.235055923461914062e-02 1.149480137974023819e-02 1.067141629755496979e-02 9.882082231342792511e-03 9.128105826675891876e-03 8.410437963902950287e-03 7.729695644229650497e-03 7.086175959557294846e-03 6.479884032160043716e-03 5.910555832087993622e-03 5.377683322876691818e-03 4.880540072917938232e-03 4.418210126459598541e-03 3.989611286669969559e-03 3.593524452298879623e-03 3.228616202250123024e-03 2.893463475629687309e-03 2.586576621979475021e-03 2.306420588865876198e-03 2.051433548331260681e-03 1.820045174099504948e-03 1.610692706890404224e-03 1.421834225766360760e-03 1.251961686648428440e-03 1.099610584788024426e-03 9.633687441237270832e-04 8.418834186159074306e-04 7.338667055591940880e-04 6.380991544574499130e-04 5.534328520298004150e-04 4.787926736753433943e-04 4.131767200306057930e-04 3.556558513082563877e-04 3.053724649362266064e-04 2.615384582895785570e-04 2.234328567283228040e-04
